seasalt_emis_scale	 = 1.975008689
ice_sed_ai	 = 581.9924728
