seasalt_emis_scale	 = 1.859694674
ice_sed_ai	 = 813.8572251
