seasalt_emis_scale	 = 0.644655885
ice_sed_ai	 = 487.1628295
