seasalt_emis_scale	 = 1.246051002
ice_sed_ai	 = 997.2557294
