seasalt_emis_scale	 = 0.8097471297
ice_sed_ai	 = 1246.03644
