seasalt_emis_scale	 = 0.529369031
ice_sed_ai	 = 404.6368111
