seasalt_emis_scale	 = 0.8727511112
ice_sed_ai	 = 961.8787602
