seasalt_emis_scale	 = 1.317523318
ice_sed_ai	 = 350.2533759
