seasalt_emis_scale	 = 1.731345868
ice_sed_ai	 = 1377.099143
