seasalt_emis_scale	 = 2.105534532
ice_sed_ai	 = 616.8699904
