seasalt_emis_scale	 = 1.0184599
ice_sed_ai	 = 1310.742006
