seasalt_emis_scale	 = 1.050718019
ice_sed_ai	 = 1353.775447
