seasalt_emis_scale	 = 1.829699013
ice_sed_ai	 = 877.5008888
