seasalt_emis_scale	 = 1.659080554
ice_sed_ai	 = 524.9079236
