seasalt_emis_scale	 = 2.482570243
ice_sed_ai	 = 697.298019
