seasalt_emis_scale	 = 2.181554256
ice_sed_ai	 = 1260.72701
