seasalt_emis_scale	 = 1.964184181
ice_sed_ai	 = 1072.373115
