seasalt_emis_scale	 = 0.7383176466
ice_sed_ai	 = 753.8676174
