seasalt_emis_scale	 = 1.396483172
ice_sed_ai	 = 925.8304372
