seasalt_emis_scale	 = 1.529895507
ice_sed_ai	 = 772.5027968
