seasalt_emis_scale	 = 1.434346435
ice_sed_ai	 = 864.9796189
