seasalt_emis_scale	 = 0.9123995654
ice_sed_ai	 = 542.5746407
