seasalt_emis_scale	 = 2.089231887
ice_sed_ai	 = 1108.777587
