seasalt_emis_scale	 = 0.5934014898
ice_sed_ai	 = 1191.144665
