seasalt_emis_scale	 = 2.242346828
ice_sed_ai	 = 1125.064412
