seasalt_emis_scale	 = 1.22783947
ice_sed_ai	 = 719.6601983
