seasalt_emis_scale	 = 2.338744681
ice_sed_ai	 = 1176.003539
