seasalt_emis_scale	 = 1.102768779
ice_sed_ai	 = 431.9115038
