seasalt_emis_scale	 = 1.584489902
ice_sed_ai	 = 1033.273849
