seasalt_emis_scale	 = 2.39334665
ice_sed_ai	 = 658.4469833
